4294967278,289
4294967278,170
4294967294,12
4294967294,11
4294967294,68
4294967279,113
4294967279,112
4294967279,111
4294967279,104
4294967279,94
4294967279,92
4294967279,161
4294967278,160
4294967279,160
4294967278,159
4294967279,154
4294967278,286
4294967279,150
4294967279,359
4294967278,144
4294967278,143
4294967278,142
4294967278,141
4294967278,140
4294967279,139
4294967279,138
4294967278,138
4294967278,277
4294967278,136
4294967279,298
4294967278,134
4294967278,379
4294967278,276
4294967278,287
4294967278,270
4294967279,265
4294967278,267
4294967278,301
4294967279,257
4294967278,284
4294967279,267
4294967278,377
4294967279,252
4294967278,323
4294967278,266
4294967279,524
4294967279,315
4294967278,329
1376,6
1376,5
1376,4
1376,3
1376,2
1376,1
4294967279,266
4294967279,542
4294967279,369
4294967278,283
4294967279,355
4294967278,362
4294967279,555
4294967279,247
4294967278,246
4294967279,245
4294967279,554
4294967279,243
4294967279,241
4294967279,236
4294967279,239
4294967279,237
4294967278,232
4294967278,230
4294967279,229
4294967279,109
4294967279,367
4294967279,371
4294967279,221
4294967294,1413
4294967294,911
4294967294,161
4294967294,901
4294967294,900
4294967294,188
4294967278,220
4294967279,219
4294967279,356
4294967279,217
4294967279,215
4294967279,313
1373,6
4294967278,213
1373,5
4294967279,213
1373,4
1373,3
1373,2
1373,1
4294967278,373
4294967279,212
4294967294,397
4294967294,1415
4294967294,400
4294967294,414
4294967294,402
4294967294,415
4294967294,167
4294967294,405
4294967294,463
4294967294,112
4294967294,466
4294967294,118
4294967294,454
4294967279,365
4294967278,390
4294967279,97
4294967279,209
4294967279,364
4294967279,95
4294967279,360
4294967278,365
4294967279,206
4294967278,204
4294967279,204
4294967278,203
4294967279,203
4294967278,200
4294967279,200
4294967278,199
4294967279,199
4294967279,220
4294967279,293
4294967278,433
4294967279,349
4294967279,294
4294967278,357
4294967279,194
4294967279,193
4294967279,192
4294967278,191
4294967278,190
4294967278,189
1370,6
1370,5
1370,4
1370,3
1370,2
1370,1
4294967279,345
4294967278,293
4294967279,259
4294967278,181
4294967279,179
4294967279,175
4294967278,381
4294967279,232
4294967278,169
4294967278,401
4294967279,292
4294967278,312
4294967279,383
4294967279,165
4294967278,164
4294967278,161
4294967279,164
1367,6
4294967278,163
1367,5
4294967279,163
1367,4
4294967278,162
1367,3
1367,2
1367,1
4294967279,162
4294967279,159
4294967279,251
4294967279,158
4294967278,157
4294967278,156
4294967279,155
4294967278,155
4294967278,154
4294967278,151
4294967278,153
4294967279,152
4294967278,152
4294967279,151
4294967278,150
4294967279,149
4294967279,361
4294967278,337
4294967278,54
4294967278,52
4294967278,49
4294967278,47
4294967278,46
4294967278,174
4294967278,44
4294967278,321
4294967278,43
4294967278,42
4294967278,436
4294967278,38
4294967278,37
4294967278,36
4294967278,35
4294967278,415
4294967278,368
4294967278,31
4294967278,272
4294967278,29
4294967278,28
4294967278,27
4294967278,26
4294967278,25
4294967278,24
4294967278,392
4294967278,21
4294967278,19
4294967278,18
4294967278,17
4294967278,16
4294967278,15
4294967278,13
4294967278,12
4294967278,11
4294967278,10
4294967278,8
4294967278,7
4294967278,6
4294967278,5
4294967278,260
4294967279,132
4294967279,131
4294967279,130
4294967279,129
4294967279,128
4294967279,127
4294967279,126
4294967279,125
4294967279,124
4294967279,123
4294967279,122
4294967279,121
4294967279,120
4294967279,119
4294967279,118
4294967279,117
4294967279,116
4294967279,115
4294967279,114
4294967279,538
4294967279,148
4294967278,34
4294967294,964
4294967294,899
4294967279,305
4294967278,33
4294967278,32
4294967278,387
4294967279,142
4294967278,30
4294967279,136
1364,6
1364,5
1364,4
1364,3
1364,2
1364,1
4294967278,14
4294967278,23
4294967278,313
4294967279,520
4294967278,22
4294967279,320
4294967278,280
4294967278,20
4294967278,418
4294967279,566
4294967278,288
4294967279,282
4294967278,274
4294967278,269
4294967279,280
4294967278,273
4294967279,277
4294967278,275
4294967278,318
4294967278,4
4294967278,364
4294967279,333
4294967278,350
4294967279,351
4294967278,359
4294967278,265
4294967279,358
4294967278,279
4294967278,9
4294967278,264
4294967278,285
4294967278,278
4294967278,262
4294967279,255
4294967278,261
4294967278,257
4294967279,513
4294967279,325
4294967278,334
4294967279,532
4294967278,440
4294967279,290
4294967278,231
4294967279,318
4294967279,317
4294967294,436
4294967279,316
4294967278,332
1360,5
1360,4
4294967278,248
1360,3
1360,2
1360,1
4294967278,438
4294967278,244
4294967278,242
4294967294,473
4294967294,472
1358,4
1358,3
1358,2
1358,1
4294967278,234
4294967278,376
4294967279,544
4294967279,240
4294967278,426
4294967278,224
4294967278,222
1357,5
1357,4
1357,3
1357,2
1357,1
4294967279,238
4294967278,324
4294967278,383
1355,6
4294967278,205
1355,5
1355,4
1355,3
1355,2
1355,1
4294967278,431
4294967294,392
4294967279,324
4294967278,423
1354,5
1354,4
4294967279,196
1354,3
1354,2
1354,1
4294967278,195
4294967279,195
4294967278,194
4294967294,408
4294967294,396
4294967294,178
4294967294,948
4294967294,385
4294967294,420
4294967294,168
4294967294,191
4294967294,183
4294967294,912
4294967294,398
4294967294,464
4294967294,409
4294967294,384
4294967278,271
4294967278,393
4294967279,186
1353,5
1353,4
4294967279,187
1353,3
1353,2
